672 384
P 348 348 12 24
B 492 268 24 3
B 468 268 24 3
B 444 268 24 3
B 420 268 24 3
B 396 268 24 3
B 372 268 24 3
B 348 268 24 3
B 324 268 24 3
B 300 268 24 3
B 252 268 24 3
B 204 268 24 3
B 324 76 24 3
B 300 76 24 3
B 276 76 24 3
B 252 76 24 3
B 228 76 24 3
B 204 76 24 3
B 180 76 24 3
B 156 76 24 3
B 132 76 24 3
B 276 268 24 3
B 228 268 24 3
E 60 36 12 24
W 12 372 24 21
W 36 372 24 21
W 60 372 24 21
W 84 372 24 21
W 132 372 24 21
W 156 372 24 21
W 180 372 24 21
W 204 372 24 21
W 228 372 24 21
W 252 372 24 21
W 276 372 24 21
W 300 372 24 21
W 324 372 24 21
W 348 372 24 21
W 396 372 24 21
W 444 372 24 21
W 468 372 24 21
W 492 372 24 21
W 516 372 24 21
W 540 372 24 21
W 564 372 24 21
W 588 372 24 21
W 612 372 24 21
W 636 372 24 21
W 660 372 24 21
W 420 372 24 21
W 372 372 24 21
W 108 372 24 21
W 660 276 24 21
W 636 276 24 21
W 612 276 24 21
W 564 276 24 21
W 540 276 24 21
W 516 276 24 21
W 12 204 24 21
W 36 204 24 21
W 60 204 24 21
W 84 204 24 21
W 108 204 24 21
W 132 204 24 21
W 156 204 24 21
W 204 204 24 21
W 228 204 24 21
W 660 84 24 21
W 612 84 24 21
W 588 84 24 21
W 564 84 24 21
W 540 84 24 21
W 516 84 24 21
W 492 84 24 21
W 468 84 24 21
W 444 84 24 21
W 420 84 24 21
W 396 84 24 21
W 372 84 24 21
W 348 84 24 21
W 12 60 24 21
W 36 60 24 21
W 60 60 24 21
W 84 60 24 21
G 660 260 9 9
G 60 356 9 9
G 12 44 9 9
G 588 68 9 9
G 132 188 9 9
G 612 356 9 9
G 300 332 9 9
L 180 252 12 24
L 180 300 12 24
L 180 324 12 24
L 180 348 12 24
L 180 276 12 24
L 588 276 12 24
L 588 300 12 24
L 588 324 12 24
L 588 348 12 24
L 180 228 12 24
L 180 204 12 24
L 636 252 12 24
L 636 228 12 24
L 636 204 12 24
L 636 180 12 24
L 636 132 12 24
L 636 108 12 24
L 636 84 12 24
L 108 84 12 24
L 108 108 12 24
L 108 132 12 24
L 108 156 12 24
L 108 180 12 24
L 108 60 12 24
L 636 156 12 24
