672 384
P 612 348 12 24
B 84 100 24 3
B 60 100 24 3
B 36 100 24 3
B 12 100 24 3
B 420 52 24 3
B 396 52 24 3
B 372 52 24 3
B 324 52 24 3
B 348 52 24 3
E 156 84 12 24
W 12 372 24 21
W 36 372 24 21
W 156 372 24 21
W 180 372 24 21
W 660 372 24 21
W 636 372 24 21
W 612 372 24 21
W 588 372 24 21
W 564 372 24 21
W 516 372 24 21
W 492 372 24 21
W 468 372 24 21
W 444 372 24 21
W 420 372 24 21
W 396 372 24 21
W 372 372 24 21
W 348 372 24 21
W 324 372 24 21
W 300 372 24 21
W 276 372 24 21
W 252 372 24 21
W 228 372 24 21
W 204 372 24 21
W 60 372 24 21
W 84 372 24 21
W 108 372 24 21
W 132 372 24 21
W 12 204 24 21
W 36 204 24 21
W 60 204 24 21
W 84 204 24 21
W 108 204 24 21
W 132 204 24 21
W 156 204 24 21
W 180 204 24 21
W 180 180 24 21
W 180 156 24 21
W 180 132 24 21
W 132 108 24 21
W 156 108 24 21
W 180 108 24 21
W 204 108 24 21
W 228 108 24 21
W 252 108 24 21
W 300 108 24 21
W 324 108 24 21
W 348 108 24 21
W 372 108 24 21
W 372 132 24 21
W 372 156 24 21
W 372 180 24 21
W 372 204 24 21
W 396 204 24 21
W 420 204 24 21
W 444 204 24 21
W 468 204 24 21
W 492 204 24 21
W 516 204 24 21
W 540 372 24 21
W 564 300 24 21
W 588 300 24 21
W 612 300 24 21
W 636 300 24 21
W 660 300 24 21
W 564 204 24 21
W 588 204 24 21
W 612 204 24 21
W 636 204 24 21
W 660 204 24 21
W 516 276 24 21
W 492 276 24 21
W 468 276 24 21
W 444 276 24 21
W 252 300 24 21
W 228 300 24 21
W 12 300 24 21
W 36 300 24 21
W 60 300 24 21
W 84 300 24 21
W 108 300 24 21
W 132 300 24 21
W 156 300 24 21
W 180 300 24 21
W 204 300 24 21
G 588 284 9 9
G 36 188 9 9
G 348 92 9 9
G 36 356 9 9
G 468 260 9 9
G 60 284 9 9
G 636 188 9 9
L 12 180 12 24
L 12 156 12 24
L 12 132 12 24
L 108 180 12 24
L 108 156 12 24
L 108 132 12 24
L 108 108 12 24
L 540 204 12 24
L 540 228 12 24
L 540 276 12 24
L 540 300 12 24
L 540 324 12 24
L 540 348 12 24
L 420 180 12 24
L 420 156 12 24
L 420 132 12 24
L 420 108 12 24
L 420 84 12 24
L 540 252 12 24
L 276 348 12 24
L 276 324 12 24
L 276 300 12 24
L 276 276 12 24
L 276 252 12 24
L 276 228 12 24
L 276 204 12 24
L 276 180 12 24
L 276 156 12 24
L 276 132 12 24
L 276 108 12 24
