672 384
P 300 348 12 24
B 180 292 24 3
B 204 292 24 3
B 228 292 24 3
B 252 292 24 3
B 276 292 24 3
B 300 292 24 3
B 324 292 24 3
B 348 292 24 3
B 372 292 24 3
B 396 292 24 3
B 420 292 24 3
B 444 292 24 3
B 468 292 24 3
B 492 292 24 3
B 516 292 24 3
B 420 100 24 3
B 444 100 24 3
B 444 52 24 3
B 420 52 24 3
B 396 52 24 3
B 372 52 24 3
B 348 52 24 3
B 324 52 24 3
B 300 52 24 3
B 276 52 24 3
B 252 52 24 3
B 228 52 24 3
B 204 52 24 3
B 180 52 24 3
E 324 228 12 24
E 108 180 12 24
E 588 180 12 24
W 12 372 24 21
W 36 372 24 21
W 228 372 24 21
W 660 372 24 21
W 636 372 24 21
W 612 372 24 21
W 588 372 24 21
W 564 372 24 21
W 540 372 24 21
W 516 372 24 21
W 492 372 24 21
W 468 372 24 21
W 444 372 24 21
W 420 372 24 21
W 396 372 24 21
W 348 372 24 21
W 372 372 24 21
W 324 372 24 21
W 156 372 24 21
W 60 372 24 21
W 84 372 24 21
W 108 372 24 21
W 132 372 24 21
W 180 372 24 21
W 204 372 24 21
W 252 372 24 21
W 276 372 24 21
W 300 372 24 21
W 636 324 24 21
W 612 324 24 21
W 588 324 24 21
W 564 324 24 21
W 540 324 24 21
W 564 204 24 21
W 588 204 24 21
W 612 204 24 21
W 636 204 24 21
W 660 204 24 21
W 516 204 24 21
W 492 204 24 21
W 468 204 24 21
W 444 204 24 21
W 420 204 24 21
W 396 204 24 21
W 372 204 24 21
W 348 204 24 21
W 348 180 24 21
W 348 156 24 21
W 348 132 24 21
W 372 132 24 21
W 372 156 24 21
W 372 180 24 21
W 588 132 24 21
W 564 132 24 21
W 540 132 24 21
W 516 132 24 21
W 492 132 24 21
W 468 132 24 21
W 636 132 24 21
W 660 132 24 21
W 12 204 24 21
W 60 204 24 21
W 84 204 24 21
W 108 204 24 21
W 132 204 24 21
W 156 204 24 21
W 12 252 24 21
W 36 252 24 21
W 60 252 24 21
W 84 252 24 21
W 108 252 24 21
W 132 252 24 21
W 180 252 24 21
W 204 252 24 21
W 228 252 24 21
W 252 252 24 21
W 276 252 24 21
W 300 252 24 21
W 324 252 24 21
W 348 252 24 21
W 372 252 24 21
W 396 252 24 21
W 420 252 24 21
W 444 252 24 21
W 468 252 24 21
W 492 252 24 21
W 516 252 24 21
W 108 324 24 21
W 132 324 24 21
W 156 324 24 21
W 180 324 24 21
W 132 36 24 21
W 108 36 24 21
W 84 36 24 21
W 60 36 24 21
W 12 36 24 21
W 36 36 24 21
W 180 36 24 21
W 204 36 24 21
W 228 36 24 21
W 252 36 24 21
W 276 36 24 21
W 300 36 24 21
W 324 36 24 21
W 348 36 24 21
W 372 36 24 21
W 396 36 24 21
W 348 108 24 21
W 372 108 24 21
G 564 116 9 9
G 564 188 9 9
G 588 308 9 9
G 132 308 9 9
G 348 356 9 9
L 660 348 12 24
L 660 324 12 24
L 540 300 12 24
L 540 276 12 24
L 540 252 12 24
L 540 228 12 24
L 540 204 12 24
L 396 180 12 24
L 396 156 12 24
L 396 132 12 24
L 612 180 12 24
L 612 156 12 24
L 612 132 12 24
L 468 108 12 24
L 468 36 12 24
L 468 12 12 24
L 156 180 12 24
L 156 156 12 24
L 156 132 12 24
L 36 204 12 24
L 36 228 12 24
L 84 348 12 24
L 84 324 12 24
L 156 252 12 24
L 156 300 12 24
L 156 276 12 24
L 156 36 12 24
L 468 84 12 24
L 156 60 12 24
L 156 84 12 24
L 156 108 12 24
L 396 108 12 24
L 468 60 12 24
